1.11541966194392
2.32188218327709
-0.982922848135538
0.556685970427536
2.13813499201309
-0.170559459309653
-1.05704369885112
0.196278123995115
0.398575171175591
1.06853386681585
-1.23976719118484
1.25273046594842
1.45611192284760
1.45194779932417
0.601577199955142
0.00996997273372812
0.913636643709803
-0.349002263313139
-0.0959178969520880
0.0462039418113068
-0.281368902073062
1.64778209318059
0.262728641996671
-0.507949163466041
-0.586523952291125
0.0730653989037210
0.105042573047049
-2.06139144426709
1.34632701262281
-0.906344684201112
-0.243393556431052
-1.23995352928038
-0.406948129447968
0.0345200764502527
-0.971093278812701
0.0366312120457594
1.00196992115750
-0.465876725971483
1.82407861165727
0.150956842575639
0.376322048688779
-2.20345494685438
-2.04121108521268
-0.689069084346806
-0.309316604615801
0.177775111951946
-0.147025139474757
0.373548377316957
1.82912628859411
-2.14919642335178
2.13628426563430
0.253873697306846
-1.25604119259511
-1.19938472572542
-0.407010915027182
-0.0708899135356160
0.0107090697192432
-0.969731772632499
-1.19772163872818
0.821058654583703
0.497324922634778
-0.551923429464217
-0.203875430719674
-0.949015153765994
0.230171161733707
-0.634753286539325
-0.949233890703401
1.52742877202338
0.419972649344138
-0.545889389908167
0.654240213189091
0.413314822739555
0.677646766132966
-0.378991242479646
2.48947295149522
0.498193673148410
-0.445399995237848
-1.06075937962872
0.878289133053054
-1.52639021935261
-1.87925748774977
1.20251732451063
1.18298178325766
0.158719801321027
0.277221547612414
0.253579463439448
0.375698368642865
-0.971673489577802
0.302158171275340
2.18493989210725
0.637175255521935
-0.402486681320946
-0.0363495022900380
-1.82501841954648
0.127135241006828
0.502748398189162
0.199100412416417
0.274879609335828
-0.278198881626744
0.330056475864812