a
0,
0,
1,
1,
1,
2,
2,
3,
3,
3,
4,
4,
4,
5,
5,
6,
6,
6,
7,
7,
7,
8,
8,
9,
9,
9,
10,
10,
10,
11,
11,
12,
12,
12,
13,
13,
13,
14,
14,
15,
15,
15,
16,
16,
17,
17,
17,
18,
18,
18,
19,
19,
20,
20,
20,
21,
21,
21,
22,
22,
23,
23,
23,
24,
24,
24,
25,
25,
26,
26,
26,
27,
27,
28,
28,
28,
29,
29,
29,
30,
30,
31,
31,
31,
32,
32,
33,
33,
33,
34,
34,
34,
35,
35,
36,
36,
36,
37,
37,
38,
38,
38,
39,
39,
39,
40,
40,
41,
41,
41,
42,
42,
43,
43,
43,
44,
44,
45,
45,
45,
46,
46,
46,
47,
47,
48,
48,
48,
49,
49,
50,
50,
50,
51,
51,
52,
52,
52,
53,
53,
54,
54,
54,
55,
55,
56,
56,
56,
57,
57,
57,
58,
58,
59,
59,
59,
60,
60,
61,
61,
61,
62,
62,
63,
63,
63,
64,
64,
65,
65,
65,
66,
66,
67,
67,
67,
68,
68,
69,
69,
69,
70,
70,
71,
71,
71,
72,
72,
73,
73,
74,
74,
74,
75,
75,
76,
76,
76,
77,
77,
78,
78,
78,
79,
79,
80,
80,
80,
81,
81,
82,
82,
83,
83,
83,
84,
84,
85,
85,
85,
86,
86,
87,
87,
87,
88,
88,
89,
89,
90,
90,
90,
91,
91,
92,
92,
92,
93,
93,
94,
94,
95,
95,
95,
96,
96,
97,
97,
97,
98,
98,
99,
99,
100,
100,
100,
101,
101,
102,
102,
103,
103,
103,
104,
104,
105,
105,
106,
106,
106,
107,
107,
108,
108,
109,
109,
109,
110,
110,
111,
111,
112,
112,
112,
113,
113,
114,
114,
115,
115,
116,
116,
116,
117,
117,
118,
118,
119,
119,
119,
120,
120,
121,
121,
122,
122,
123,
123,
123,
124,
124,
125,
125,
126,
126,
127,
127,
127,
128,
128,
129,
129,
130,
130,
131,
131,
132,
132,
132,
133,
133,
134,
134,
135,
135,
136,
136,
137,
137,
137,
138,
138,
139,
139,
140,
140,
141,
141,
142,
142,
143,
143,
143,
144,
144,
145,
145,
146,
146,
147,
147,
148,
148,
149,
149,
150,
150,
151,
151,
151,
152,
152,
153,
153,
154,
154,
155,
155,
156,
156,
157,
157,
158,
158,
159,
159,
160,
160,
161,
161,
162,
162,
163,
163,
164,
164,
164,
165,
165,
166,
166,
167,
167,
168,
168,
169,
169,
170,
170,
171,
171,
172,
172,
173,
173,
174,
174,
175,
175,
176,
176,
177,
178,
178,
179,
179,
180,
180,
181,
181,
182,
182,
183,
183,
184,
184,
185,
185,
186,
186,
187,
187,
188,
188,
189,
189,
190,
191,
191,
192,
192,
193,
193,
194,
194,
195,
195,
196,
196,
197,
198,
198,
199,
199,
200,
200,
201,
201,
202,
202,
203,
204,
204,
205,
205,
206,
206,
207,
207,
208,
209,
209,
210,
210,
211,
211,
212,
213,
213,
214,
214,
215,
215,
216,
217,
217,
218,
218,
219,
220,
220,
220,
220,
220,
220,
220,
220,
220,
220,
220,
220,
220,
220,
220,
220,
220,
220,
220,
220,
220,
220,
220,
220,
220,
220,
220,
220,
220,
220,
220,
220,
220,
220,
220,
220,
220,
220,
220,
220,
220,
220,
220,
220,
220,
220,
220,
220,
220,
220,
220,
220,
220,
220,
220,
220,
220,
220,
220,
220,
220,
220,
220,
220,
220,
220,
220,
220,
220,
220,
220,
220,
220,
220,
220,
220,
220,
220,
220,
220,
220,
220,
220,
220,
220,
220,
220,
220,
220,
220,
220,
220,
220,
220,
220,
220,
220,
220,
220,
220,
220,
220,
220,
220,
220,
220,
220,
220,
220,
220,
220,
220,
220,
220,
220,
220,
220,
220,
220,
220,
220,
220,
220,
220,
220,
220,
220,
220,
220,
220,
220,
220,
220,
220,
220,
220,
220,
220,
220,
220,
220,
220,
220,
220,
220,
220,
220,
220,
220,
220,
220,
220,
220,
220,
220,
220,
220,
220,
220,
220,
220,
220,
220,
220,
220,
220,
220,
220,
220,
220,
220,
220,
220,
220,
220,
220,
220,
220,
220,
220,
220,
220,
220,
220,
220,
220,
220,
220,
220,
220,
220,
220,
220,
220,
220,
220,
220,
220,
220,
220,
220,
220,
220,
220,
220,
220,
220,
220,
220,
220,
220,
220,
220,
220,
220,
220,
220,
220,
220,
220,
220,
220,
220,
220,
220,
220,
220,
220,
220,
220,
220,
220,
220,
220,
220,
220,
220,
220,
220,
220,
220,
220,
220,
220,
220,
220,
220,
220,
220,
220,
220,
220,
220,
220,
220,
220,
220,
220,
221,
221,
221,
221,
221,
221,
222,
222,
222,
222,
223,
223,
223,
223,
223,
224,
224,
224,
224,
225,
225,
225,
226,
226,
226,
226,
227,
227,
227,
228,
228,
228,
229,
229,
229,
230,
230,
231,
231,
231,
232,
232,
232,
233,
233,
234,
234,
235,
235,
235,
236,
236,
237,
237,
238,
238,
239,
239,
239,
240,
240,
241,
241,
242,
242,
243,
243,
244,
245,
245,
246,
246,
247,
247,
248,
248,
249,
249,
250,
251,
251,
252,
252,
253,
254,
254,
255,
255,
256,
257,
257,
258,
259,
259,
260,
261,
261,
262,
263,
263,
264,
265,
265,
266,
267,
267,
268,
269,
270,
270,
271,
272,
273,
273,
274,
275,
276,
276,
277,
278,
279,
279,
280,
281,
282,
283,
283,
284,
285,
286,
287,
287,
288,
289,
290,
291,
292,
292,
293,
294,
295,
296,
297,
298,
298,
299,
300,
301,
302,
303,
304,
305,
306,
307,
307,
308,
309,
310,
311,
312,
313,
314,
315,
316,
317,
318,
319,
320,
321,
322,
323,
324,
325,
326,
327,
328,
329,
330,
331,
332,
333,
334,
335,
336,
337,
338,
339,
340,
341,
342,
343,
344,
345,
346,
347,
348,
349,
350,
351,
352,
353,
354,
356,
357,
358,
359,
360,
361,
362,
363,
364,
365,
366,
368,
369,
370,
371,
372,
373,
374,
375,
377,
378,
379,
380,
381,
382,
383,
384,
386,
387,
388,
389,
390,
391,
393,
394,
395,
396,
397,
398,
400,
401,
401,
401,
401,
401,
401,
401,
401,
401,
401,
401,
401,
401,
401,
401,
401,
401,
401,
401,
401,
401,
401,
401,
401,
401,
401,
401,
401,
401,
401,
401,
401,
401,
401,
401,
401,
401,
401,
401,
401,
401,
401,
401,
401,
401,
401,
401,
401,
401,
401,
401,
401,
401,
401,
401,
401,
401,
401,
401,
401,
401,
401,
401,
401,
401,
401,
401,
401,
401,
401,
401,
401,
401,
401,
401,
401,
401,
401,
401,
401,
401,
401,
401,
401,
401,
401,
401,
401,
401,
401,
401,
401,
401,
401,
401,
401,
401,
401,
401,
401,
401,
401,
401,
401,
401,
401,
401,
401,
401,
401,
401,
401,
401,
401,
401,
401,
401,
401,
401,
401,
401,
401,
401,
401,
401,
401,
401,
401,
401,
401,
401,
401,
401,
401,
401,
401,
401,
401,
401,
401,
401,
401,
401,
401,
401,
401,
401,
401,
401,
401,
401,
401,
401,
401,
401,
401,
401,
401,
401,
401,
401,
401,
401,
401,
401,
401,
401,
401,
401,
401,
401,
401,
401,
401,
401,
401,
401,
401,
401,
401,
401,
401,
401,
401,
401,
401,
401,
401,
401,
401,
401,
401,
401,
401,
401,
401,
401,
401,
401,
401,
401,
401,
401,
401,
401,
401,
401,
401,
401,
401,
401,
401,
401,
401,
401,
401,
401,
401,
401,
401,
401,
401,
401,
401,
401,
401,
401,
401,
401,
401,
401,
401,
401,
401,
401,
401,
401,
401,
401,
401,
401,
401,
401,
401,
401,
401,
401,
401,
401,
401,
401,
401,
400,
398,
397,
396,
395,
394,
392,
391,
390,
389,
388,
386,
385,
384,
383,
382,
380,
379,
378,
377,
376,
374,
373,
372,
371,
370,
368,
367,
366,
365,
364,
362,
361,
360,
359,
358,
356,
355,
354,
353,
352,
350,
349,
348,
347,
345,
344,
343,
342,
341,
339,
338,
337,
336,
334,
333,
332,
331,
330,
328,
327,
326,
325,
323,
322,
321,
320,
318,
317,
316,
315,
313,
312,
311,
310,
308,
307,
306,
304,
303,
302,
301,
299,
298,
297,
295,
294,
293,
292,
290,
289,
288,
286,
285,
284,
282,
281,
280,
278,
277,
276,
274,
273,
272,
270,
269,
268,
266,
265,
264,
262,
261,
259,
258,
257,
255,
254,
253,
251,
250,
248,
247,
245,
244,
243,
241,
240,
238,
237,
235,
234,
232,
231,
229,
228,
226,
225,
223,
222,
220,
219,
217,
216,
214,
213,
211,
210,
208,
207,
205,
203,
202,
200,
199,
197,
195,
194,
192,
190,
189,
187,
186,
184,
182,
181,
179,
177,
175,
174,
172,
170,
168,
167,
165,
163,
161,
160,
158,
156,
154,
152,
151,
149,
147,
145,
143,
141,
139,
137,
136,
134,
132,
130,
128,
126,
124,
122,
120,
118,
116,
114,
112,
110,
108,
105,
103,
101,
99,
97,
95,
93,
90,
88,
86,
84,
82,
79,
77,
75,
73,
70,
68,
66,
63,
61,
59,
56,
54,
51,
49,
47,
44,
42,
39,
37,
34,
32,
29,
26,
24,
21,
19,
16,
13,
11,
8,
5,
3,
0,
0,
0,
0,
0,
0,
0,
0,
0,
0,
0,
0,
0,
0,
0,
0,
0,
0,
0,
0,
0,
0,
0,
0,
0,
0,
0,
0,
0,
0,
0,
0,
0,
0,
0,
0,
0,
0,
0,
0,
0,
0,
0,
0,
0,
0,
0,
0,
0,
0,
0,
0,
0,
0,
0,
0,
0,
0,
0,
0,
0,
0,
0,
0,
0,
0,
0,
0,
0,
0,
0,
0,
0,
0,
0,
0,
0,
0,
0,
0,
0,
0,
0,
0,
0,
0,
0,
0,
0,
0,
0,
0,
0,
0,
0,
0,
0,
0,
0,
0,
0,
0,
0,
0,
0,
0,
0,
0,
0,
0,
0,
0,
0,
0,
0,
0,
0,
0,
0,
0,
0,
0,
0,
0,
0,
0,
0,
0,
0,
0,
0,
0,
0,
0,
0,
0,
0,
0,
0,
0,
0,
0,
0,
0,
0,
0,
0,
0,
0,
0,
0,
0,
0,
0,
0,
0,
0,
0,
0,
0,
0,
0,
0,
0,
0,
0,
0,
0,
0,
0,
0,
0,
0,
0,
0,
0,
0,
0,
0,
0,
0,
0,
0,
0,
0,
0,
0,
0,
0,
0,
0,
0,
0,
0,
0,
0,
0,
0,
0,
0,
0,
0,
0,
0,
0,
0,
0,
0,
0,
0,
0,
0,
0,
0,
0,
0,
0,
0,
0,
0,
0,
0,
0,
0,
0,
0,
0,
0,
0,
0,
0,
0,
0,
0,
0,
0,
0,
0,
0,
0,
0,
0,
0,
0,
0,
0,
0,
0,
0,
0,
0,
